08121005;16;15;15;39;16;18;18;19;19;18;18;18;18
08121006;16;15;15;39;16;18;18;19;19;18;18;18;18
08121007;16;15;15;39;16;18;18;19;19;18;18;18;18
08121008;16;15;15;39;16;18;18;19;19;18;18;18;18
08121009;16;15;15;39;16;18;18;19;19;18;18;18;18
08121010;16;15;15;39;16;18;18;19;19;18;18;18;18
08121011;16;15;15;38;16;18;18;19;19;18;18;18;18
08121012;16;15;15;38;16;18;18;19;19;18;18;18;18
08121013;16;15;15;38;16;18;18;19;19;18;18;18;18
08121014;16;15;15;38;16;18;18;19;19;18;18;18;18
08121015;16;15;15;38;16;18;18;19;19;18;18;18;18
08121016;16;15;15;38;16;18;18;19;19;18;18;18;18
08121017;16;15;15;38;16;18;18;19;19;18;18;18;18
08121018;16;15;15;38;16;18;18;19;19;18;18;18;18
08121019;16;15;15;38;16;18;18;19;19;18;18;18;18
08121020;16;15;15;38;16;18;18;19;19;18;18;18;18
08121021;16;15;15;38;16;18;18;19;19;18;18;18;18
08121022;16;15;15;38;16;18;18;19;19;18;18;18;18
08121023;16;15;15;38;16;18;18;19;19;18;18;18;18
08121024;16;15;15;38;16;18;18;19;19;18;18;18;18
08121025;16;15;15;38;16;18;18;18;19;18;18;18;18
08121026;16;15;15;39;16;18;18;18;19;18;18;18;18
08121027;16;15;15;39;16;18;18;18;19;18;18;18;18
08121028;16;15;15;39;16;18;18;18;19;18;18;18;18
08121029;16;15;15;39;16;18;18;18;19;18;18;18;18
08121030;16;15;15;39;16;18;18;18;19;18;18;18;18
08121031;16;15;15;39;16;18;18;18;19;18;18;18;18
08121032;16;15;15;39;16;18;18;18;19;18;18;18;18
08121033;16;15;15;39;16;18;18;18;19;18;18;18;18
08121034;16;15;15;39;16;18;18;18;19;18;18;18;18
08121035;16;15;15;38;16;18;18;18;19;18;18;18;18
08121036;16;15;15;38;16;18;18;18;19;18;18;18;18
08121037;16;15;15;38;16;18;18;18;19;18;18;18;18
08121038;16;15;15;38;16;18;18;18;19;18;18;18;18
08121039;16;15;15;38;16;18;18;18;19;18;18;18;18
08121040;16;15;15;38;16;18;18;18;19;18;18;18;18
08121041;16;15;15;38;16;18;18;18;19;18;18;18;18
08121042;16;15;15;38;16;18;18;18;19;18;18;18;18
08121043;16;15;15;38;16;18;18;18;19;18;18;18;18
08121044;16;15;15;38;16;18;18;18;19;18;18;18;18
08121045;16;15;15;38;16;18;18;18;19;18;18;18;18
08121046;16;15;15;38;16;18;18;18;19;18;18;18;18
08121047;16;15;15;38;16;18;18;18;19;18;18;18;18
08121048;16;15;15;38;16;18;18;18;19;18;18;18;18
08121049;16;15;15;39;16;18;18;18;19;18;18;18;18
08121050;16;15;15;39;16;18;18;18;19;18;18;18;18
08121051;16;15;15;39;16;18;18;18;19;18;18;18;18
08121052;16;15;15;39;16;18;18;18;19;18;18;18;18
08121053;16;15;15;39;16;18;18;18;19;18;18;18;18
08121054;16;15;15;39;16;18;18;18;19;18;18;18;18
08121055;16;15;15;39;16;18;18;18;19;18;18;18;18
08121056;16;15;15;39;16;18;18;18;19;18;18;18;18
08121057;16;15;15;39;16;18;18;18;19;18;18;18;18
08121058;16;15;15;39;16;18;18;18;19;18;18;18;18
08121059;16;15;15;39;16;18;18;18;19;18;18;18;18
08121100;16;15;15;39;16;18;18;18;19;18;18;18;18
08121101;16;15;15;39;16;18;18;18;19;18;18;18;18
08121102;16;15;15;38;16;18;18;18;19;18;18;18;18
08121103;16;15;15;38;16;18;18;18;19;18;18;18;18
08121104;16;15;15;38;16;18;18;18;19;18;18;18;18
08121105;16;15;15;38;16;18;18;18;19;18;18;18;18
08121106;16;15;15;38;16;18;18;18;19;18;18;18;18
08121107;16;15;15;38;16;18;18;18;19;18;18;18;18
08121108;16;15;15;38;16;18;18;18;19;18;18;18;18
08121109;16;15;15;38;16;18;18;18;19;18;18;18;18
08121110;16;15;15;38;16;18;18;18;19;18;18;18;18
08121111;16;15;15;38;16;18;18;19;19;18;18;18;18
08121112;16;15;15;38;16;18;18;19;19;18;19;18;18
08121113;16;15;15;38;16;18;18;19;19;18;19;18;18
08121114;16;15;15;38;16;18;18;19;19;18;19;18;18
08121115;16;15;15;38;16;18;18;19;19;18;19;18;18
08121116;16;15;15;38;16;18;18;19;19;18;19;18;18
08121117;16;15;15;38;16;18;18;19;19;18;19;18;18
08121118;16;15;15;38;16;18;18;19;19;18;19;18;18
08121119;16;15;15;39;16;18;18;19;19;18;19;18;18
08121120;16;15;15;39;16;18;18;19;19;18;19;18;18
08121121;16;15;15;39;16;18;18;19;19;18;19;18;18
08121122;16;15;15;39;16;18;18;19;19;18;19;18;18
08121123;16;15;15;39;16;18;18;19;19;18;19;18;18
08121124;16;15;15;39;16;18;18;19;19;18;19;18;18
08121125;16;15;15;39;16;18;18;19;19;18;19;18;18
08121126;16;15;15;39;16;18;18;19;19;18;19;18;18
08121127;16;15;15;39;16;18;18;19;19;18;19;18;18
08121128;16;15;15;39;16;18;18;19;19;18;19;18;18
08121129;16;15;15;39;16;18;18;19;19;18;19;18;18
08121130;16;15;15;39;16;18;18;19;19;18;19;18;18
08121131;16;15;15;39;16;18;18;19;19;18;19;18;18
08121132;16;15;15;39;16;18;18;19;19;18;19;18;18
08121133;16;15;15;39;16;18;18;19;19;18;19;18;18
08121134;16;15;15;39;16;18;18;19;19;18;19;18;18
08121135;16;15;15;39;16;18;18;19;19;18;19;18;18
08121136;16;15;15;39;16;18;18;19;19;18;19;18;18
08121137;16;15;15;39;16;18;18;19;19;18;19;18;18
08121138;16;15;15;39;16;18;18;19;19;18;19;18;18
08121139;16;15;15;38;15;18;18;19;19;18;19;18;18
08121140;16;15;15;38;16;18;18;19;19;18;19;18;18
08121141;16;15;15;38;16;18;18;19;19;18;19;18;18
08121142;16;15;15;38;16;18;18;19;19;18;19;18;18
08121143;16;15;15;38;16;18;18;19;19;18;19;18;18
08121144;16;15;15;39;15;18;18;19;19;18;19;18;18
08121145;16;15;15;38;15;18;18;19;19;18;19;18;18
08121146;16;15;15;39;16;18;18;19;19;18;19;18;18
08121147;16;15;15;39;16;18;18;19;19;18;19;18;18
08121148;16;15;15;39;15;18;18;19;19;18;19;18;18
08121149;16;15;15;39;16;18;18;19;19;18;19;18;18
08121150;16;15;15;39;16;18;18;19;19;18;19;18;18
08121151;16;15;15;39;15;18;18;19;19;18;19;18;18
08121152;16;15;15;40;16;18;18;19;19;18;19;18;18
08121153;16;15;15;39;16;18;18;19;19;18;19;18;18
08121154;16;15;15;39;15;18;18;19;19;18;19;18;18
08121155;16;15;15;39;15;18;18;19;19;18;19;18;18
08121156;16;15;15;39;15;18;18;19;19;18;19;18;18
08121157;16;15;15;39;15;18;18;19;19;18;19;18;18
08121158;16;15;15;39;15;18;18;19;19;18;19;18;18
08121159;16;15;15;39;15;18;18;19;19;18;19;18;18
08121200;16;15;15;39;15;18;18;19;19;18;19;18;18
08121201;16;15;15;39;15;18;18;19;19;18;19;18;18
08121202;16;15;15;38;15;18;18;19;19;18;19;18;18
08121203;16;15;15;39;15;18;18;19;19;18;19;18;18
08121204;16;15;15;39;15;18;18;19;19;18;19;18;18
08121205;16;15;15;39;16;18;18;19;19;18;19;18;18
08121206;16;15;15;40;16;18;18;19;19;18;19;18;18
08121207;16;15;15;40;15;18;18;19;19;18;19;18;18
08121208;16;15;15;40;15;18;18;19;19;18;19;18;18
08121209;16;15;15;40;15;18;18;19;19;18;19;18;18
08121210;16;15;15;39;15;18;18;19;19;18;19;18;18
08121211;16;15;15;39;15;18;18;19;19;18;19;18;18
08121212;16;15;15;39;15;18;18;19;19;18;19;18;18
08121213;16;15;15;39;15;18;18;19;19;18;19;18;18
08121214;16;15;15;39;15;18;18;19;19;18;19;18;18
08121215;16;15;15;39;15;18;18;19;19;18;19;18;18
08121216;16;15;15;39;15;18;18;19;19;18;19;18;18
08121217;16;15;15;39;15;18;18;19;19;18;19;18;18
08121218;16;15;15;39;15;18;18;19;19;18;19;18;18
08121219;16;15;15;39;15;18;18;19;19;18;19;18;18
08121220;16;15;15;38;15;18;18;19;19;18;19;18;18
08121221;16;15;15;38;15;18;18;19;19;18;19;18;18
08121222;16;15;15;38;15;18;18;19;19;18;19;18;18
08121223;16;15;15;38;15;18;18;19;19;18;19;18;18
08121224;16;15;15;38;15;18;18;19;19;18;19;18;18
08121225;16;15;15;38;15;18;18;19;19;18;19;18;18
08121226;16;15;15;38;15;18;18;19;19;18;19;18;18
08121227;16;15;15;38;15;18;18;19;19;18;19;18;18
08121228;16;15;15;38;15;18;18;19;19;18;19;18;18
08121229;16;15;15;38;15;18;18;19;19;18;19;18;18
08121230;16;15;15;38;15;18;18;19;19;18;19;18;18
08121231;16;15;15;38;15;18;18;19;19;18;19;18;18
08121232;16;15;15;38;15;18;18;19;19;18;19;18;18
08121233;16;15;15;38;15;18;18;19;19;18;19;18;18
08121234;16;15;15;38;15;18;18;19;19;18;19;18;18
08121235;16;15;15;38;15;18;18;19;19;18;19;18;18
08121236;16;15;15;38;15;18;18;19;19;18;19;18;18
08121237;16;15;15;38;15;18;18;19;19;18;19;18;18
08121238;16;15;15;38;15;18;18;19;19;18;19;18;18
08121239;16;15;15;38;15;18;18;19;19;18;19;18;18
08121240;16;15;15;38;15;18;18;19;19;18;19;18;18
08121241;16;15;15;38;15;18;18;19;19;18;19;18;18
08121242;16;15;15;38;15;18;18;19;19;18;19;18;18
08121243;16;15;15;38;15;18;18;19;19;18;19;18;18
08121244;16;15;15;38;15;18;18;19;19;18;19;18;18
08121245;16;15;15;38;15;18;18;19;19;18;19;18;18
08121246;16;15;15;38;15;18;18;19;19;18;19;18;18
08121247;16;15;15;38;15;18;18;19;19;18;19;18;18
08121248;16;15;15;38;15;18;18;19;19;18;19;18;18
08121249;16;15;15;38;15;18;18;19;19;18;19;18;18
08121250;16;15;15;38;15;18;18;19;19;18;19;18;18
08121251;16;15;15;38;15;18;18;19;19;18;19;18;18
08121252;16;15;15;38;15;18;18;20;19;18;19;18;18
08121253;16;15;15;38;15;18;18;20;19;18;19;18;18
08121254;16;15;15;38;15;18;18;20;19;18;19;18;18
08121255;16;15;15;38;15;18;18;20;19;18;19;18;18
08121256;16;15;15;38;15;18;18;20;19;18;19;18;18
08121257;16;15;15;38;15;18;18;20;19;18;19;18;18
08121258;16;15;15;38;15;18;18;20;19;18;19;18;18
08121259;16;15;15;37;15;18;18;20;19;18;19;18;18
08121300;16;15;15;37;15;18;18;20;19;18;19;18;18
08121301;16;15;15;37;15;18;18;20;19;18;19;18;18
08121302;16;15;15;37;15;18;18;20;19;18;19;18;18
08121303;16;15;15;37;15;18;18;20;19;18;19;18;18
08121304;16;15;15;37;15;18;18;20;19;18;19;18;18
08121305;16;15;15;37;15;18;18;20;19;18;19;18;18
08121306;16;15;15;37;15;18;18;20;19;18;19;18;18
08121307;16;15;15;37;15;18;18;20;19;18;19;18;18
08121308;16;15;15;37;15;18;18;20;19;18;19;18;18
08121309;16;15;15;37;15;18;18;20;19;18;19;18;18
08121310;16;15;15;37;15;18;18;20;19;18;19;18;18
08121311;16;15;15;37;15;18;18;20;19;18;19;18;18
08121312;16;15;15;37;15;18;18;20;19;18;19;18;18
08121313;16;15;15;37;15;18;18;20;19;18;19;18;18
08121314;16;15;15;37;15;18;18;20;19;18;19;18;18
08121315;16;15;15;37;15;18;18;20;19;18;19;18;18
08121316;16;15;15;37;15;18;18;20;19;18;19;18;18
08121317;16;15;15;37;15;18;18;20;19;18;19;18;18
08121318;16;15;15;37;15;18;18;20;19;18;19;18;18
08121319;16;15;15;37;15;18;18;20;19;18;19;18;18
08121320;16;15;15;37;15;18;18;20;19;18;19;18;18
08121321;16;15;15;37;15;18;18;20;19;18;19;18;18
08121322;16;15;15;37;15;18;18;20;19;18;19;18;18
08121323;16;15;15;37;15;18;18;20;19;18;19;18;18
08121324;16;15;15;37;15;18;18;20;19;18;19;18;18
08121325;16;15;15;37;15;18;18;20;19;18;19;18;18
08121326;16;15;15;37;15;18;18;20;19;18;19;18;18
08121327;16;15;15;37;15;18;18;20;19;18;19;18;18
08121328;16;15;15;38;15;18;18;20;19;18;19;18;18
08121329;16;15;15;38;15;18;18;20;19;18;19;18;18
08121330;16;15;15;38;15;18;18;20;19;18;19;18;18
08121331;16;15;15;38;15;18;18;20;19;18;19;18;18
08121332;16;15;15;38;15;18;18;20;19;18;19;18;18
08121333;16;15;15;38;15;18;18;20;19;18;19;18;18
08121334;16;15;15;38;15;18;18;20;19;18;19;18;18
08121335;16;15;15;38;15;18;18;20;19;18;19;18;18
08121336;16;15;15;38;15;18;18;20;19;18;19;18;18
08121337;16;15;15;38;15;18;18;20;19;18;19;18;18
08121338;16;15;15;38;15;18;18;20;19;18;19;18;18
08121339;16;15;15;38;15;18;18;20;19;18;19;18;18
08121340;16;15;15;38;15;18;18;20;19;18;19;18;18
08121341;16;15;15;38;15;18;18;20;19;18;19;18;18
08121342;16;15;15;38;15;18;18;20;19;18;19;18;18
08121343;16;15;15;38;15;18;18;20;19;18;19;18;18
08121344;16;15;15;38;15;18;18;20;19;18;19;18;18
08121345;16;15;15;38;15;18;18;20;19;18;19;18;18
08121346;16;15;15;38;15;18;18;20;19;18;19;18;18
08121347;16;15;15;38;15;18;18;20;19;18;19;18;18
08121348;16;15;15;38;15;18;18;20;19;18;19;18;18
08121349;16;15;15;40;15;18;18;20;19;18;19;18;18
08121350;16;15;15;41;15;18;18;20;19;18;19;18;18
08121351;16;15;15;41;15;18;18;20;19;18;19;18;18
08121352;16;15;15;41;15;18;18;20;19;18;19;18;18
08121353;16;15;15;41;15;18;18;20;19;18;19;18;18
08121354;16;15;15;41;15;18;18;20;19;18;19;18;18
08121355;16;15;15;40;15;18;18;20;19;18;19;18;18
08121356;16;15;15;40;15;18;18;20;19;18;19;18;18
08121357;16;15;15;41;15;18;18;20;19;18;19;18;18
08121358;16;15;15;40;15;18;18;20;19;18;19;18;18
08121359;16;15;15;41;15;18;18;20;19;18;19;18;18
08121400;16;15;15;40;15;18;18;20;19;18;19;18;18
08121401;16;15;15;40;15;18;18;20;19;18;19;18;18
08121402;16;15;15;40;15;18;18;20;19;18;19;18;18
08121403;16;15;15;40;15;18;18;20;19;18;19;18;18
08121404;16;15;15;40;15;18;18;20;19;18;19;18;18
08121405;16;15;15;40;15;18;18;20;19;18;19;18;18
08121406;16;15;15;40;15;18;18;20;19;18;19;18;18
08121407;16;15;15;39;15;18;18;20;19;18;19;18;18
08121408;16;15;15;40;15;18;18;20;19;18;19;18;18
08121409;16;15;15;40;15;18;18;20;19;18;19;18;18
08121410;16;15;15;40;15;18;18;20;19;18;19;18;18
08121411;16;15;15;39;15;18;18;20;19;18;19;18;18
08121412;16;15;15;39;15;18;18;20;19;18;19;18;18
08121413;16;15;15;39;15;18;18;20;19;18;19;18;18
08121414;16;15;15;39;15;18;18;20;19;18;19;18;18
08121415;16;15;15;39;15;18;18;20;19;18;19;18;18
08121416;16;15;15;39;15;18;18;20;19;18;19;18;18
08121417;16;15;15;39;15;18;18;20;19;18;19;18;18
08121418;16;15;15;39;15;18;18;20;19;18;19;18;18
08121419;16;15;15;40;15;18;18;20;19;18;19;18;18
08121420;16;15;15;40;15;18;18;20;19;18;19;18;18
08121421;16;15;15;40;15;18;18;20;19;18;19;18;18
08121422;16;15;15;40;15;18;18;20;19;18;19;18;18
08121423;16;15;15;40;15;18;18;20;19;18;19;18;18
08121424;16;15;15;40;15;18;18;20;19;18;19;18;18
08121425;16;15;15;40;15;18;18;20;19;18;19;18;18
08121426;16;15;15;40;15;18;18;20;19;18;19;18;18
08121427;16;15;15;40;15;18;18;20;19;18;19;18;18
08121428;16;15;15;41;15;18;18;20;19;18;19;18;18
08121429;16;15;15;41;15;18;18;20;19;18;19;18;18
08121430;16;15;15;41;15;18;18;20;19;18;19;18;18
08121431;16;15;15;41;15;18;18;20;19;18;19;18;18
08121432;16;15;15;41;15;18;18;20;19;18;19;18;18
08121433;16;15;15;41;15;18;18;20;19;18;19;18;18
08121434;16;15;15;41;15;18;18;20;19;18;19;18;18
08121435;16;15;15;41;15;18;18;20;19;18;19;18;18
08121436;16;15;15;41;15;18;18;20;19;18;19;18;18
08121437;16;15;15;41;15;18;18;20;19;18;19;18;18
08121438;16;15;15;41;15;18;18;20;19;18;19;18;18
08121439;16;15;15;41;15;18;18;20;19;18;19;18;18
08121440;16;15;15;41;15;18;18;20;19;18;19;18;18
08121441;16;15;15;41;15;18;18;20;19;18;19;18;18
08121442;16;15;15;41;15;18;18;20;19;18;19;18;18
08121443;16;15;15;40;15;18;18;20;19;18;19;18;18
08121444;16;15;15;40;15;18;18;20;19;18;19;18;18
08121445;16;15;15;40;15;18;18;20;19;18;19;18;18
08121446;16;15;15;40;15;18;18;20;19;18;19;18;18
08121447;16;14;15;40;15;18;18;20;19;18;19;18;18
08121448;16;14;15;40;15;18;18;20;19;18;19;18;18
08121449;16;14;15;40;15;18;18;20;19;18;19;18;18
08121450;16;14;15;40;15;18;18;20;19;18;19;18;18
08121451;16;14;15;40;15;18;18;20;19;18;19;18;18
08121452;16;14;15;40;15;18;18;20;19;18;19;18;18
08121453;16;14;15;40;15;18;18;20;19;18;19;18;18
08121454;16;14;15;40;15;18;18;20;19;18;19;18;18
08121455;16;14;15;40;15;18;18;20;19;18;19;18;18
08121456;16;14;15;40;15;18;18;20;19;18;19;18;18
08121457;16;14;15;40;15;18;18;20;19;18;19;18;18
08121458;16;14;15;41;15;18;18;20;19;18;19;18;18
08121459;16;14;15;40;15;18;18;20;19;18;19;18;18
08121500;16;14;15;40;15;18;18;20;19;18;19;18;18
08121501;16;14;15;41;15;18;18;20;19;18;19;18;18
08121502;16;14;15;41;15;18;18;20;19;18;19;18;18
08121503;16;14;15;41;15;18;18;20;19;18;19;18;18
08121504;16;14;15;41;15;18;18;20;19;18;19;18;18
08121505;16;14;15;41;15;18;18;20;19;18;19;18;18
08121506;16;14;15;40;15;18;18;20;19;18;19;18;18
08121507;16;14;15;40;15;18;18;20;19;18;19;18;18
08121508;16;14;15;40;15;18;18;20;19;18;19;18;18
08121509;16;14;15;40;15;18;18;20;19;18;19;18;18
08121510;16;14;15;40;15;18;18;20;19;18;19;18;18
08121511;16;14;15;40;15;18;18;20;19;18;19;18;18
08121512;16;14;15;40;15;18;18;20;19;18;19;18;18
08121513;16;14;15;40;15;18;18;20;19;18;19;18;18
08121514;16;14;15;40;15;18;18;20;19;18;19;18;18
08121515;16;14;15;40;15;18;18;20;19;18;19;18;18
08121516;16;14;15;40;15;18;18;20;19;18;19;18;18
08121517;16;14;15;40;15;18;18;20;19;18;19;18;18
08121518;16;14;15;40;15;18;18;20;19;18;19;18;18
08121519;16;14;15;40;15;18;18;20;19;18;19;18;18
08121520;16;14;15;40;15;18;18;20;19;18;19;18;18
08121521;16;14;15;40;15;18;18;20;19;18;19;18;18
08121522;16;14;15;40;15;18;18;20;19;18;19;18;18
08121523;16;14;15;40;15;18;18;20;19;18;19;18;18
08121524;16;14;15;39;15;18;18;20;19;18;19;18;18
08121525;16;14;15;39;15;18;18;20;19;18;19;18;18
08121526;16;14;15;40;15;18;18;20;19;18;19;18;18
08121527;16;14;15;40;15;18;18;20;19;18;19;18;18
08121528;16;14;15;40;15;18;18;20;19;18;19;18;18
08121529;16;14;15;41;15;18;18;20;19;18;19;18;18
08121530;16;14;15;41;15;18;18;20;19;18;19;18;18
08121531;16;14;15;40;15;18;18;20;19;18;19;18;18
08121532;16;14;15;40;15;18;18;20;19;18;19;18;18
08121533;16;14;15;40;15;18;18;20;19;18;19;18;18
08121534;16;14;15;40;15;18;18;19;19;18;19;18;18
08121535;16;14;15;40;15;18;18;19;19;18;19;18;18
08121536;16;14;15;40;15;18;18;19;19;18;19;18;18
08121537;16;14;15;40;15;18;18;19;19;18;19;18;18
08121538;16;14;15;40;15;18;18;19;19;18;19;18;18
08121539;16;14;15;40;15;18;18;19;19;18;19;18;18
08121540;16;14;15;40;15;18;18;20;19;18;19;18;18
08121541;16;14;15;40;15;18;18;20;19;18;19;18;18
08121542;16;14;15;40;15;18;18;20;19;18;19;18;18
08121543;16;14;15;39;15;18;18;20;19;18;19;18;18
08121544;16;14;15;39;15;18;18;19;19;18;19;18;18
08121545;16;14;15;39;15;17;18;20;19;18;19;18;18
08121546;16;14;15;39;15;17;18;19;19;18;19;18;18
08121547;16;14;15;39;15;17;18;20;19;18;19;18;18
08121548;16;14;15;39;15;17;18;20;19;18;19;18;18
08121549;16;14;15;39;15;17;18;20;19;18;19;18;18
08121550;16;14;15;39;15;17;18;19;19;18;19;18;18
08121551;16;14;15;39;15;17;18;20;19;18;19;18;18
08121552;16;14;15;39;15;17;18;19;19;18;19;18;18
08121553;16;14;15;39;15;17;18;19;19;18;19;18;18
08121554;16;14;15;39;15;17;18;19;19;18;19;18;18
08121555;16;14;15;39;15;17;18;20;19;18;19;18;18
08121556;16;14;15;39;15;17;18;20;19;18;19;18;18
08121557;16;14;15;39;15;17;18;20;19;18;19;18;18
08121558;16;14;15;39;15;17;18;20;19;18;19;18;18
08121559;16;14;15;39;15;17;17;20;19;18;19;18;18
08121600;16;14;15;39;15;17;17;20;19;18;19;18;18
08121601;16;14;15;39;15;17;17;20;19;18;19;18;18
08121602;16;14;15;39;15;17;17;20;19;18;19;18;18
08121603;16;14;15;39;15;17;17;20;19;18;19;18;18
08121604;16;14;15;39;15;17;17;20;19;18;19;18;18
08121605;16;14;15;39;15;17;17;20;19;18;19;18;18
08121606;16;14;15;39;15;17;17;20;19;18;19;18;18
08121607;16;14;15;39;15;17;17;20;19;18;19;18;18
08121608;16;14;15;39;15;17;17;20;19;18;19;18;18
08121609;16;14;15;39;15;17;17;20;19;18;19;18;18
08121610;16;14;15;39;15;17;17;20;19;18;19;18;18
08121611;16;14;15;40;15;17;17;20;19;18;19;18;18
08121612;16;14;15;41;15;17;17;20;19;18;19;18;18
08121613;16;14;15;41;15;17;17;20;19;18;19;18;18
08121614;16;14;15;41;15;17;17;20;19;18;19;18;18
08121615;16;14;14;41;15;17;17;20;19;18;19;18;18
08121616;16;14;14;41;15;17;17;20;19;18;19;18;18
08121617;16;14;14;40;15;17;17;20;19;18;19;18;18
08121618;16;14;14;40;15;17;17;20;19;18;19;18;18
08121619;16;14;14;40;15;17;17;20;19;18;19;18;18
08121620;16;14;14;40;15;17;17;20;19;18;19;18;18
08121621;16;14;14;40;15;17;17;20;19;18;19;18;18
08121622;16;14;14;40;15;17;17;20;19;18;19;18;18
08121623;16;14;14;40;15;17;17;20;19;18;19;18;18
08121624;16;14;14;40;15;17;17;20;19;18;19;18;18
08121625;16;14;14;40;15;17;17;20;19;18;19;18;18
08121626;16;14;14;40;15;17;17;20;19;18;19;18;18
08121627;16;14;14;40;15;17;17;20;19;18;19;18;18
08121628;16;14;14;40;15;17;17;20;19;18;19;18;18
08121629;16;14;14;40;15;17;17;20;19;18;19;18;18
08121630;16;14;14;40;15;17;17;20;19;18;19;18;18
08121631;16;14;14;40;15;17;17;20;19;18;19;18;18
08121632;16;14;14;40;15;17;17;20;19;18;19;18;18
08121633;16;14;14;40;15;17;17;20;19;18;19;18;18
08121634;16;14;14;40;15;17;17;20;19;18;19;18;18
08121635;16;14;15;40;15;17;17;20;19;18;19;18;18
08121636;16;14;15;40;15;17;17;20;19;18;19;18;18
08121637;16;14;15;40;15;17;17;20;19;18;19;18;18
08121638;16;14;15;40;15;17;17;20;19;18;19;18;18
08121639;16;14;15;40;15;17;17;20;19;18;19;18;18
08121640;16;14;15;40;15;17;17;20;19;18;19;18;18
08121641;16;14;15;40;15;17;17;20;19;18;19;18;18
08121642;16;14;15;40;15;17;17;20;19;18;19;18;18
08121643;16;14;15;40;15;17;17;20;19;18;19;18;18
08121644;16;14;15;40;15;17;17;20;19;18;19;18;18
08121645;16;14;15;40;15;17;17;20;19;18;19;18;18
08121646;16;14;15;40;15;17;17;20;19;18;19;18;18
08121647;16;14;15;40;15;17;17;20;19;18;19;18;18
08121648;16;14;15;40;15;17;17;20;19;18;19;18;18
08121649;16;15;15;40;15;17;17;20;19;18;19;18;18
08121650;16;15;15;40;15;17;17;20;19;18;19;18;18
08121651;16;15;15;40;15;17;17;20;19;18;19;18;18
08121652;16;15;15;40;15;17;17;20;19;18;19;18;18
08121653;16;15;15;41;15;17;17;20;19;18;19;18;18
08121654;16;15;15;41;15;18;17;20;19;18;19;18;18
08121655;16;15;15;41;15;18;18;20;19;18;19;18;18
08121656;16;15;15;40;15;18;18;20;19;18;19;18;18
08121657;16;15;15;40;15;18;18;20;19;18;19;18;18
08121658;16;15;15;40;15;18;18;20;19;18;19;18;18
08121659;16;15;15;41;15;18;18;20;19;18;19;18;18
08121700;16;15;15;41;15;18;18;20;19;18;19;18;18
08121701;16;15;15;41;15;18;18;20;19;18;19;18;18
08121702;16;15;15;41;15;18;18;20;19;18;19;18;18
08121703;16;15;15;41;15;18;18;20;19;18;19;18;18
08121704;16;15;15;40;15;18;18;20;19;18;19;18;18
08121705;16;15;15;40;15;18;18;21;19;18;19;18;18
08121706;16;15;15;40;15;18;18;21;19;18;19;18;18
08121707;16;15;15;40;15;18;18;21;19;18;19;18;18
08121708;16;15;15;40;15;18;18;21;19;18;19;18;18
08121709;16;15;15;40;15;18;18;21;19;18;19;18;18
08121710;16;15;15;40;15;18;18;21;19;18;19;18;18
08121711;16;15;15;40;15;18;18;21;19;18;19;18;18
08121712;16;15;15;40;15;18;18;21;19;18;19;18;18
08121713;16;15;15;40;15;18;18;21;19;18;19;18;18
08121714;16;15;15;40;15;18;18;21;19;18;19;18;18
08121715;16;15;15;41;15;18;18;21;19;18;19;18;18
08121716;16;15;15;42;15;18;18;21;19;18;19;18;18
08121717;16;15;15;42;15;18;18;21;19;18;19;18;18
08121718;16;15;15;42;16;18;18;21;19;18;19;18;18
08121719;16;15;15;42;15;18;18;21;19;18;19;18;18
08121720;16;15;15;41;16;18;18;21;19;18;19;18;18
08121721;16;15;15;41;15;18;18;21;19;18;19;18;18
08121722;16;15;15;41;15;18;18;21;19;18;19;18;18
08121723;16;15;15;41;16;18;18;21;19;18;19;18;18
08121724;16;15;15;41;16;18;18;21;19;18;19;18;18
08121725;16;15;15;41;16;18;18;21;19;18;19;18;18
08121726;16;15;15;41;16;18;18;21;19;18;19;18;18
08121727;16;15;15;41;16;18;18;21;19;18;19;18;18
08121728;16;15;15;41;16;18;18;21;19;18;19;18;18
08121729;16;15;15;41;16;18;18;21;19;18;19;18;18
08121730;16;15;15;41;16;18;18;21;19;18;19;18;18
08121731;16;15;15;41;16;18;18;21;19;18;19;18;18
08121732;16;15;15;42;16;18;18;21;19;18;19;18;18
08121733;16;15;15;42;16;18;18;21;19;18;19;18;18
08121734;16;15;15;41;16;18;18;21;19;18;19;18;18
08121735;16;15;15;41;16;18;18;21;19;18;19;18;18
08121736;16;15;15;41;16;18;18;21;19;18;19;18;18
08121737;16;15;15;41;16;18;18;21;19;18;19;18;18
08121738;16;15;15;42;16;18;18;21;19;18;19;18;18
08121739;16;15;15;42;16;18;18;21;19;18;19;18;18
08121740;16;15;15;41;16;18;18;21;19;18;19;18;18
08121741;16;15;15;41;16;18;18;21;19;18;19;18;18
08121742;16;15;16;41;16;18;18;21;19;18;19;18;18
08121743;16;15;16;41;16;18;18;21;19;18;19;18;18
08121744;16;15;16;41;16;18;18;21;19;18;19;18;18
08121745;16;15;16;41;16;18;18;21;19;18;19;18;18
08121746;16;15;16;41;16;18;18;21;19;18;19;18;18
08121747;16;15;16;41;16;18;18;21;19;18;19;18;18
08121748;16;15;16;41;16;18;18;21;19;18;19;18;18
08121749;16;15;16;41;16;18;18;21;19;18;19;18;18
08121750;16;15;16;41;16;18;18;21;19;18;19;18;18
08121751;16;15;16;40;16;18;18;21;19;18;19;18;18
08121752;16;15;16;40;16;18;18;21;19;18;19;18;18
08121753;16;15;16;40;16;18;18;21;19;18;19;18;18
08121754;16;15;16;40;16;18;18;20;19;18;19;18;18
08121755;16;15;16;40;16;18;18;20;19;18;19;18;18
08121756;16;15;16;41;16;18;18;20;19;18;19;18;18
08121757;16;15;16;41;16;18;18;20;19;18;19;18;18
08121758;16;15;16;41;16;18;18;20;19;18;19;18;18
08121759;16;15;16;41;16;18;18;20;19;18;19;18;18
08121800;16;15;16;41;16;18;18;20;19;18;19;18;18
08121801;16;15;16;41;16;18;18;20;19;18;19;18;18
08121802;16;15;16;41;16;18;18;20;19;18;19;18;18
08121803;16;15;16;41;16;18;18;20;19;18;19;18;18
08121804;16;15;16;41;16;18;18;20;19;18;19;18;18
08121805;16;15;16;42;16;18;18;20;19;18;19;18;18
08121806;16;15;16;42;16;18;18;20;19;18;19;18;18
08121807;16;15;16;42;16;18;18;20;19;18;19;18;18
08121808;16;15;16;41;15;18;18;20;19;18;19;18;18
08121809;16;15;16;41;15;18;18;20;19;18;19;18;18
08121810;16;15;15;41;15;18;18;20;19;18;19;18;18
08121811;16;15;15;41;15;18;18;20;19;18;19;18;18
08121812;16;15;15;41;15;18;18;20;19;18;19;18;18
08121813;16;15;15;41;15;18;18;20;19;18;19;18;18
08121814;16;15;15;41;15;18;18;20;19;18;19;18;18
08121815;16;15;15;41;15;18;18;20;19;18;19;18;18
08121816;16;15;15;41;15;18;18;20;19;18;19;18;18
08121817;16;15;15;41;15;18;18;20;19;18;19;18;18
08121818;16;15;15;40;15;18;18;20;19;18;19;18;18
08121819;16;15;15;40;15;18;18;20;19;18;19;18;18
08121820;16;15;15;40;15;18;18;20;19;18;19;18;18
08121821;16;15;15;40;15;18;18;20;19;18;19;18;18
08121822;16;15;15;40;15;18;18;20;19;18;19;18;18
08121823;16;15;15;40;15;18;18;20;19;18;19;18;18
08121824;16;15;15;40;15;18;18;20;19;18;19;18;18
08121825;16;15;15;40;15;18;18;20;19;18;19;18;18
08121826;16;15;15;40;15;18;18;20;19;18;19;18;18
08121827;16;15;15;40;15;18;18;20;19;18;19;18;18
08121828;16;15;15;40;15;18;18;20;19;18;19;18;18
08121829;16;15;15;40;15;18;18;20;19;18;19;18;18
08121830;16;15;15;40;15;18;18;20;19;18;19;18;18
08121831;16;15;15;40;15;18;18;20;19;18;19;18;18
08121832;16;15;15;40;15;18;18;20;19;18;19;18;18
08121833;16;15;15;40;15;18;18;20;19;18;19;18;18
08121834;16;15;15;40;15;17;18;20;19;18;19;18;18
08121835;16;15;15;40;15;17;18;20;19;18;19;18;18
08121836;16;15;15;40;15;17;18;20;19;18;19;18;18
08121837;16;15;15;40;15;17;18;20;19;18;19;18;18
08121838;16;15;15;40;15;17;18;20;19;18;19;18;18
08121839;16;15;15;40;15;17;18;20;19;18;19;18;18
08121840;16;15;15;40;15;17;17;20;19;18;19;18;18
08121841;16;15;15;40;15;17;17;20;19;18;19;18;18
08121842;16;15;15;40;15;17;17;20;19;18;19;18;18
08121843;16;15;15;40;15;17;17;20;19;18;19;18;18
08121844;16;15;15;40;15;17;17;20;19;18;19;18;18
08121845;16;15;15;40;15;17;17;20;19;18;19;18;18
08121846;16;15;15;40;15;17;17;20;19;18;19;18;18
08121847;16;14;15;40;15;17;17;20;19;18;19;18;18
08121848;16;14;15;40;15;17;17;20;19;18;19;18;18
08121849;16;14;15;40;15;17;17;20;19;18;19;18;18
08121850;16;14;15;40;15;17;17;20;19;18;19;18;18
08121851;16;14;15;40;15;17;17;20;19;18;19;18;18
08121852;16;14;15;40;15;17;17;20;19;18;19;18;18
08121853;16;14;15;40;15;17;17;20;19;18;19;18;18
08121854;16;14;15;40;15;17;17;20;19;18;19;18;18
08121855;16;14;14;40;15;17;17;20;19;18;19;18;18
08121856;16;14;14;40;15;17;17;20;19;18;19;18;18
08121857;16;14;14;40;15;17;17;20;19;18;19;18;18
08121858;16;14;14;40;15;17;17;20;19;18;19;18;18
08121859;16;14;14;40;15;17;17;20;19;18;19;18;18
08121900;16;14;14;40;15;17;17;20;19;18;19;18;18
08121901;16;14;14;40;15;17;17;20;19;18;19;18;18
08121902;16;14;14;40;15;17;17;20;19;18;19;18;18
08121903;16;14;14;40;15;17;17;20;19;18;19;18;18
08121904;16;14;14;40;15;17;17;19;19;18;19;18;18
08121905;16;14;14;40;15;17;17;19;19;18;19;18;18
08121906;16;14;14;41;15;17;17;19;19;18;19;18;18
08121907;16;14;14;41;15;17;17;19;19;18;19;18;18
08121908;16;14;14;41;15;17;17;19;19;18;19;18;18
08121909;16;14;14;40;15;17;17;19;19;18;19;18;18
08121910;16;14;14;41;15;17;17;19;19;18;19;18;18
08121911;16;14;14;41;15;17;17;19;19;18;19;18;18
08121912;16;14;14;41;15;17;17;19;19;18;19;18;18
08121913;16;14;14;41;15;17;17;19;19;18;19;18;18
08121914;16;14;14;41;15;17;17;19;19;18;19;18;18
08121915;16;14;14;41;15;17;17;19;19;18;19;18;18
08121916;16;14;14;41;15;17;17;19;19;18;19;18;18
08121917;16;14;14;41;15;17;17;19;19;18;19;18;18
08121918;16;14;14;41;15;17;17;19;19;18;19;18;18
08121919;16;14;14;40;15;17;17;19;19;18;19;18;18
08121920;16;14;14;40;15;17;17;19;19;18;19;18;18
08121921;16;14;14;40;15;17;17;19;19;18;19;18;18
08121922;16;14;14;40;15;17;17;19;19;18;19;18;18
08121923;16;14;14;41;15;17;17;19;19;18;19;18;18
08121924;16;14;14;41;15;17;17;19;19;18;19;18;18
08121925;16;14;14;41;15;17;17;19;19;18;19;18;18
08121926;16;14;14;41;15;17;17;19;19;18;19;18;17
08121927;16;14;14;41;15;17;17;19;19;18;19;18;17
08121928;16;14;14;41;15;17;17;19;19;18;19;18;17
08121929;16;14;14;41;15;17;17;19;19;18;19;18;17
08121930;16;14;14;41;15;17;17;19;19;18;19;18;17
08121931;16;14;14;41;15;17;17;19;19;18;19;18;17
08121932;16;14;14;41;15;17;17;19;19;18;19;18;17
08121933;16;14;14;41;15;17;17;19;19;18;19;18;17
08121934;16;14;14;41;15;17;17;19;19;18;19;18;17
08121935;16;14;14;41;15;17;17;19;19;18;19;18;17
08121936;16;14;14;41;15;17;17;19;19;18;19;18;17
08121937;16;14;14;41;15;17;17;19;19;18;19;18;17
08121938;16;14;14;40;15;17;17;19;19;18;19;18;17
08121939;16;14;14;40;15;17;17;19;19;18;19;18;17
08121940;16;14;14;40;15;17;17;19;19;18;19;18;17
08121941;16;14;14;40;15;17;17;19;19;18;19;18;17
08121942;16;14;14;40;15;17;17;19;19;18;19;18;17
08121943;16;14;14;40;15;17;17;19;19;18;19;18;17
08121944;16;14;14;40;15;17;17;19;19;18;19;18;17
08121945;16;14;14;40;15;17;17;19;19;18;19;18;17
08121946;16;14;14;40;15;17;17;19;19;18;19;18;17
08121947;16;14;14;40;15;17;17;19;19;18;19;18;17
08121948;16;14;14;40;15;17;17;19;19;18;19;18;17
08121949;16;14;14;40;15;17;17;19;19;18;19;18;17
08121950;16;14;14;40;15;17;17;19;19;18;19;18;17
08121951;16;14;14;40;15;17;17;19;19;18;19;18;17
08121952;16;14;14;40;15;17;17;19;19;18;19;18;17
08121953;16;14;14;40;15;17;17;19;19;18;19;18;17
08121954;16;14;14;40;15;17;17;19;19;18;19;18;17
08121955;16;14;14;40;15;17;17;19;19;18;19;18;17
08121956;16;14;14;40;15;17;17;19;19;18;19;18;17
08121957;16;14;14;39;15;17;17;19;19;18;19;18;17
08121958;16;14;14;39;15;17;17;19;19;18;19;18;17
08121959;16;14;14;39;15;17;17;19;19;18;19;18;17
08122000;16;14;14;39;15;17;17;19;19;18;19;18;17
08122001;16;14;14;39;15;17;17;19;19;18;19;18;17
08122002;16;14;14;40;15;17;17;19;19;18;19;18;17
08122003;16;14;14;41;15;17;17;19;19;18;19;18;17
08122004;16;14;14;41;15;17;17;19;19;18;19;18;17
08122005;16;14;14;41;15;17;17;19;19;18;19;18;17
08122006;16;14;14;40;15;17;17;19;19;18;19;18;17
08122007;16;14;14;40;15;17;17;19;19;18;19;18;17
08122008;16;14;14;40;15;17;17;19;19;18;19;18;17
08122009;16;14;14;40;15;17;17;19;19;18;19;18;17
08122010;16;14;14;40;15;17;17;19;19;18;19;18;17
08122011;16;14;14;40;15;17;17;19;19;18;19;18;17
08122012;16;14;14;40;15;17;17;19;19;18;19;18;17
08122013;16;14;14;40;15;17;17;19;19;18;19;18;17
08122014;16;14;14;40;15;17;17;19;19;18;19;18;17
08122015;16;14;14;39;15;17;17;19;19;18;19;18;17
08122016;16;14;14;39;15;17;17;19;19;18;19;18;17
08122017;16;14;14;39;15;17;17;19;19;18;19;18;17
08122018;16;14;14;39;15;17;17;19;19;18;19;18;17
08122019;16;14;14;39;15;17;17;19;19;18;19;18;17
08122020;16;14;14;39;15;17;17;19;19;18;19;18;17
08122021;16;14;14;39;15;17;17;19;19;18;19;18;17
08122022;16;14;14;39;15;17;17;19;19;18;19;18;17
08122023;16;14;14;39;15;17;17;19;19;18;19;18;17
08122024;16;14;14;39;15;17;17;19;19;18;19;18;17
08122025;16;14;14;39;15;17;17;19;19;18;19;18;17
08122026;16;14;14;39;15;17;17;19;19;18;19;18;17
08122027;16;13;14;39;15;17;17;19;19;18;19;18;17
08122028;16;13;13;39;15;17;17;19;19;18;19;18;17
08122029;16;13;13;39;15;17;17;19;19;18;19;18;17
08122030;16;13;13;40;15;17;17;19;19;18;19;18;17
08122031;16;13;13;40;15;17;17;19;19;18;19;18;17
08122032;16;13;13;40;15;17;17;19;19;18;19;18;17
08122033;16;13;13;39;15;17;17;19;19;18;19;18;17
08122034;16;13;13;39;15;17;17;19;19;18;19;18;17
08122035;16;13;13;39;15;17;17;19;19;18;19;18;17
08122036;16;13;13;39;15;17;17;19;19;18;19;18;17
08122037;16;13;13;39;15;17;17;19;19;18;19;18;17
08122038;16;13;13;39;15;17;17;19;19;18;19;18;17
08122039;16;13;13;39;15;17;17;19;19;18;19;18;17
08122040;16;13;13;39;15;17;17;19;19;18;19;18;17
08122041;16;13;13;39;15;17;17;19;19;18;19;18;17
08122042;16;13;13;39;15;17;17;19;19;18;19;18;17
08122043;16;13;13;40;15;17;17;19;19;18;19;18;17
08122044;16;13;13;40;15;17;17;19;19;18;19;18;17
08122045;16;13;13;40;15;17;17;19;19;18;19;18;17
08122046;16;13;13;40;15;17;17;19;19;18;19;18;17
08122047;16;13;13;40;15;17;17;19;19;18;19;18;17
08122048;16;13;13;40;15;17;17;19;19;18;19;18;17
08122049;16;13;13;39;15;17;17;19;19;18;19;18;17
08122050;16;13;13;39;15;17;17;19;19;18;19;18;17
08122051;16;13;13;39;15;17;17;19;19;18;19;18;17
08122052;16;13;13;39;15;17;17;19;19;18;19;18;17
08122053;16;13;13;39;15;17;17;19;19;18;19;18;17
08122054;16;13;13;39;15;17;17;19;19;18;19;18;17
08122055;16;13;13;39;15;17;17;19;19;18;19;18;17
08122056;16;13;13;39;15;17;17;19;19;18;19;18;17
08122057;16;13;13;39;15;17;17;19;19;18;19;18;17
08122058;16;13;13;39;15;17;17;19;19;18;19;18;17
08122059;16;13;13;39;15;17;17;19;19;18;19;18;17
08122100;16;13;13;39;15;17;17;19;19;18;19;18;17
08122101;16;13;13;39;15;17;17;19;19;18;19;18;17
08122102;16;13;13;39;15;17;17;19;19;18;19;18;17
08122103;16;13;13;39;15;17;17;19;19;18;19;18;17
08122104;16;13;13;39;15;17;17;19;19;18;19;18;17
08122105;16;13;13;39;15;17;17;19;19;18;19;18;17
08122106;16;13;13;39;15;17;17;19;19;18;19;18;17
08122107;16;13;13;39;15;17;17;19;19;18;19;18;17
08122108;16;13;13;39;15;17;17;19;19;18;19;18;17
08122109;16;13;13;39;15;17;17;19;19;18;19;18;17
08122110;16;13;13;39;15;17;17;19;19;18;19;18;17
08122111;16;13;13;39;15;17;17;19;19;18;19;18;17
08122112;16;13;13;39;15;17;17;19;19;18;19;18;17
08122113;16;13;13;39;15;17;17;19;19;18;19;18;17
08122114;16;13;13;39;15;17;17;19;19;18;19;18;17
08122115;16;13;13;39;15;17;17;19;19;18;19;18;17
08122116;16;13;13;39;15;17;17;19;19;18;19;18;17
08122117;16;13;13;39;15;17;17;19;19;18;19;18;17
08122118;16;13;13;39;15;17;17;19;19;18;19;18;17
08122119;16;13;13;39;15;17;17;19;19;18;19;18;17
08122120;16;13;13;39;15;17;17;19;19;18;19;18;17
08122121;16;13;13;39;15;17;17;19;19;18;19;18;17
08122122;16;13;13;39;15;17;17;19;19;18;19;18;17
08122123;16;13;13;39;15;17;17;19;19;18;19;18;17
08122124;16;13;13;39;15;17;17;19;19;18;19;18;17
08122125;16;13;13;39;15;17;17;19;19;18;19;18;17
08122126;16;13;13;39;15;17;17;19;19;18;19;18;17
08122127;16;13;13;39;15;17;17;19;19;18;19;18;17
08122128;16;13;13;39;15;17;17;19;19;18;19;18;17
08122129;16;13;13;39;15;17;17;19;19;18;19;18;17
08122130;16;13;13;39;15;17;17;19;19;18;19;18;17
08122131;16;13;13;39;15;16;17;19;19;18;19;18;17
08122132;16;13;13;39;15;16;17;19;19;18;19;18;17
08122133;16;13;13;39;15;17;17;19;19;18;19;18;17
08122134;16;13;13;39;15;17;17;19;19;18;19;18;17
08122135;16;13;13;39;15;17;17;19;19;18;19;18;17
08122136;16;13;13;39;15;16;17;19;19;18;19;18;17
08122137;16;13;13;39;15;16;17;19;19;18;19;18;17
08122138;16;13;13;39;15;16;17;19;19;18;19;18;17
08122139;16;13;13;39;15;16;17;19;19;18;19;18;17
08122140;16;13;13;39;15;16;17;19;19;18;19;18;17
08122141;16;13;13;38;15;16;17;19;19;18;19;18;17
08122142;16;13;13;38;15;16;17;19;19;18;19;18;17
08122143;16;13;13;38;15;16;17;19;19;18;19;18;17
08122144;16;13;13;38;15;16;17;19;19;18;19;18;17
08122145;16;13;13;38;15;16;17;19;19;18;19;18;17
08122146;16;13;13;38;15;16;17;19;19;18;19;18;17
08122147;16;13;13;38;15;16;17;19;19;18;19;18;17
08122148;16;13;13;38;15;16;17;19;19;18;19;18;17
08122149;16;13;13;38;15;16;16;19;19;18;19;18;17
